     FID  IID    SOL           C1           C2           C3           C4 
  AT0208    .      0   -0.0666607   -0.0839338   -0.0459507   -0.0258512 
  AT0209    .      0   -0.0384214   -0.0521831   -0.0421509    0.0284031 
  AT0211    .      0   -0.0311305   0.00195698    0.0268063   -0.0255652 
  AT0217    .      0   -0.0109619    0.0364235    0.0235975  -0.00462398 
  AT0219    .      0   -0.0534971     0.060298    0.0205169    0.0423231 
  AT0223    .      0    0.0396219   -0.0304227   0.00918595   -0.0233517 
  AT0228    .      0   -0.0454377    0.0187634     0.019236   -0.0148678 
  AT0231    .      0    0.0496855  -0.00490034    0.0223003  -0.00388804 
  AT0232    .      0    0.0198707    0.0295691    0.0169298  0.000582351 
  AT0235    .      0     0.030669   0.00222683  -0.00336078   0.00935824 
  AT0239    .      0    0.0368586   -0.0206629   0.00271606  -0.00387678 
  AT0240    .      0  -0.00719551    0.0231552    0.0263792   -0.0256153 
  AT0248    .      0   -0.0314703   -0.0240106    0.0149322   -0.0433955 
  AT0251    .      0   -0.0419823    0.0476583     0.026192    0.0156263 
  AT0252    .      0     0.021237   -0.0161862  -0.00573792    0.0296071 
  AT0259    .      0   -0.0647685   -0.0426073   -0.0262685   0.00960969 
  AT0260    .      0   -0.0651536    0.0116908   0.00720192   0.00185095 
  AT0265    .      0   -0.0498445   -0.0084984   -0.0363522   -0.0027516 
  AT0267    .      0   -0.0360154   0.00982976   0.00527787    0.0396905 
  AT0269    .      0   -0.0591981   -0.0664283   -0.0479757    0.0316363 
  AT0270    .      0   -0.0470889  -0.00484169  -0.00332256    0.0620713 
  AT0276    .      0   -0.0389689    0.0191229   0.00894154  -0.00394943 
  AT0285    .      0    -0.032043  -0.00770067    0.0056305   0.00220856 
  AT0286    .      0  -0.00547352    0.0119853  0.000504305   -0.0191192 
  AT0288    .      0   -0.0439383   0.00505607 -0.000116324   -0.0106512 
  AT0295    .      0   -0.0386627    0.0701236    0.0355815    -0.012799 
  AT0296    .      0    0.0495824  -0.00428407    0.0118087  -0.00581348 
  AT0297    .      0     0.066866  0.000658311    0.0463234   -0.0320566 
  AT0300    .      0   -0.0538389    0.0358385  -0.00310101    -0.014014 
  AT0308    .      0   -0.0332813   -0.0153504    0.0280019    0.0133428 
  AT0312    .      0    0.0342573   -0.0244589    0.0146482   -0.0214753 
  AT0329    .      0    0.0596411    0.0100474    0.0117753    0.0281487 
  AT0330    .      0    0.0535973   -0.0264095   -0.0218119   -0.0203451 
  AT0331    .      0   -0.0612993    0.0227349    0.0440976    0.0303292 
  AT0334    .      0   -0.0337886  -0.00431022   -0.0241185  -0.00998831 
  AT0335    .      0   -0.0696893   -0.0614141   -0.0130783   0.00406131 
  AT0337    .      0     0.046391   -0.0101611    0.0323132    0.0365271 
  AT0339    .      0  -0.00650715    0.0138617    0.0357097  -0.00665336 
  AT0344    .      0   -0.0285669   -0.0431899   -0.0295328   -0.0218607 
  AT0346    .      0    0.0568897  -0.00574279  -0.00362384    0.0029441 
  AT0353    .      0    0.0584371  -0.00837421    0.0418128    0.0125063 
  AT0357    .      0    0.0166893   -0.0414883   -0.0218538    0.0232891 
  AT0358    .      0   -0.0445744    0.0341752   0.00237943     0.016491 
  AT0363    .      0    0.0624935   -0.0250585    0.0280369  -0.00152975 
  AT0387    .      0   -0.0334908    0.0537481   0.00478948   -0.0457259 
  AT0392    .      0   -0.0426384   -0.0415243   -0.0193431    0.0396059 
  AT0393    .      0    0.0346297   0.00618906    0.0104134   -0.0296086 
  AT0394    .      0    0.0212863   -0.0238864   0.00714056    0.0376876 
  AT0395    .      0    0.0662247   -0.0157992    0.0249322   0.00391164 
  AT0399    .      0    0.0401271   -0.0186072  -0.00779442  -0.00110023 
  AT0403    .      0    0.0382353   -0.0224497  -0.00908399    0.0235344 
  AT0407    .      0    0.0513891  -0.00579923  -0.00435499  -0.00863372 
  AT0408    .      0   -0.0357024   -0.0858552   -0.0202968    0.0127148 
  AT0410    .      0   -0.0218658    0.0600583 -5.86304e-05 -0.000305733 
  AT0412    .      0   -0.0471752   -0.0752417   -0.0240828   -0.0295403 
  AT0421    .      0   -0.0295456    0.0585468    0.0135537   0.00652363 
  AT0422    .      0   -0.0411395  -0.00887284    0.0155916   -0.0385357 
  AT0426    .      0    0.0457443  -0.00571763    0.0300997   0.00560507 
  AT0429    .      0   -0.0375192  -0.00150614   0.00120687    0.0105462 
  AT0430    .      0    0.0210144  -0.00434149   0.00246667   -0.0265066 
  AT0433    .      0   -0.0513867  0.000559141   0.00644925   -0.0290286 
  AT0447    .      0   -0.0176305    0.0105138    0.0141993  -0.00618515 
  AT0448    .      0   -0.0545146  -0.00566052   -0.0174223  -0.00494234 
  AT0456    .      0    -0.046505    0.0271723    0.0364802    0.0270871 
  AT0462    .      0    -0.042977   -0.0404757   -0.0359991   0.00329389 
  AT0465    .      0   -0.0413943   -0.0511936    -0.023518   0.00609685 
  AT0478    .      0    0.0820744  -0.00440279    0.0162593   0.00259283 
  AT0479    .      0    0.0699592     -0.03746    0.0122767   0.00737595 
  AT0483    .      0     0.033216   -0.0102912    0.0112099    0.0222712 
  AT0485    .      0     0.030474   -0.0111884    0.0243722   -0.0275493 
  AT0487    .      0    0.0419731   -0.0200907  -0.00943768     0.015061 
  AT0489    .      0     0.021631  -0.00387084   0.00882522   -0.0264664 
  AT0490    .      0    0.0522723  0.000581966    0.0150941   -0.0191401 
  AT0493    .      0    -0.025574    0.0125747     0.009895   -0.0312832 
  AT0495    .      0    0.0173184  -0.00940111   -0.0152209    0.0325768 
  AT0498    .      0   -0.0527143   0.00142914  -0.00635103    0.0169435 
  AT0501    .      0    0.0264737    0.0121026  -0.00706033   0.00786481 
  AT0507    .      0    0.0122368  -0.00440721    0.0150152   0.00352277 
  AT0508    .      0    0.0189977 -0.000573635 -0.000491816   -0.0397738 
  AT0513    .      0   -0.0294789    0.0179124    0.0325676    0.0139352 
  AT0514    .      0  -0.00937796    0.0202612    0.0149438    0.0380004 
  AT0515    .      0   -0.0352806    0.0095738   -0.0208392    0.0280583 
  AT0519    .      0   -0.0549373   0.00521896  -0.00622578   -0.0102823 
  AT0520    .      0    0.0273547   -0.0112752  -0.00126962 -0.000273555 
  AT0521    .      0  -0.00427696    0.0239197    0.0346898 -0.000780699 
  AT0526    .      0    0.0472075   -0.0389252    0.0110216  -0.00725544 
  AT0532    .      0    0.0453451   -0.0142312    0.0307047   -0.0329332 
  AT0536    .      0    0.0561726   -0.0145079   0.00346989    0.0141303 
  AT0542    .      0    0.0457526   -0.0228716    0.0311158   -0.0106871 
  AT0546    .      0    0.0664907   0.00685351   -0.0093533  -0.00301829 
  AT0548    .      0    0.0178634  -0.00140749   0.00657666    0.0472358 
  AT0549    .      0    0.0384735   -0.0278096  -0.00708978    0.0199952 
  AT0552    .      0     0.032622  -0.00786798  -0.00201391   -0.0276569 
  AT0560    .      0   -0.0385529    0.0324122   0.00731247    0.0335291 
  AT0570    .      0   0.00758605    -0.022434   0.00361623  -0.00849871 
  AT0571    .      0    0.0331893    -0.020035    0.0150223    0.0154519 
  AT0578    .      0     -0.03897  -0.00181398   0.00370526    0.0277065 
  AT0579    .      0    0.0370945   -0.0206402  -0.00545346  -0.00492958 
  AT0587    .      0    0.0541061   -0.0222227    0.0197096   -0.0104056 
  AT0588    .      0    0.0510514   -0.0101703    0.0124353   -0.0157562 
  AT0604    .      0    0.0371289   -0.0192418   -0.0178502    0.0429825 
  AT0607    .      0  -0.00101035   -0.0448015   0.00252673   -0.0291421 
  AT0612    .      0    0.0515732   -0.0179335    0.0150069   -0.0228363 
  AT0613    .      0    0.0629024    0.0577728   -0.0909889  -0.00760564 
  AT0620    .      0    0.0101356    0.0140686    0.0185093  -0.00219829 
  AT0626    .      0   -0.0710972 -0.000402428   -0.0106621 -0.000495731 
  AT0631    .      0   -0.0141491     0.034024    0.0227342    0.0070385 
  AT0635    .      0   -0.0452303  0.000162389    0.0174954   -0.0346484 
  AT0639    .      0   -0.0575324    0.0220539    0.0226507   0.00801508 
  AT0641    .      0    0.0367419   -0.0118001   0.00904484    0.0312579 
  AT0644    .      0     0.053631   -0.0114079  -0.00220721   -0.0189313 
  AT0650    .      0   0.00622143   -0.0232405    0.0278607    0.0238229 
  AT0651    .      0     0.039946   -0.0220627   0.00183607    0.0494566 
  AT0653    .      0    0.0189154  -0.00595826   0.00174313   -0.0251865 
  AT0655    .      0   -0.0223726   0.00369051    0.0161301    -0.017036 
  AT0658    .      0   -0.0329475   0.00404448    0.0128626   -0.0307992 
  AT0660    .      0    0.0458855  -0.00562595    0.0145948   -0.0152064 
  AT0665    .      0    0.0553049  -0.00766601    0.0329535  -0.00404791 
  AT0667    .      0   -0.0544661     0.041532   -0.0194079   -0.0233451 
  AT0673    .      0   -0.0685794   -0.0172361   -0.0229855   0.00325453 
  AT0676    .      0   -0.0471608    0.0251999   0.00123218   0.00252147 
  AT0677    .      0   -0.0446583  -0.00523555   0.00139091    0.0255224 
  AT0679    .      0    0.0741486   0.00765153   0.00219739   -0.0339739 
  AT0683    .      0   0.00748477    0.0320391   0.00852751  -0.00484295 
  AT0685    .      0   -0.0551286    0.0204004   0.00104222    0.0227746 
  AT0690    .      0   -0.0330168   -0.0512757    0.0187868  -0.00512988 
  AT0692    .      0  -0.00642925    0.0148608    0.0105304    0.0248349 
  AT0695    .      0    0.0602273  -0.00104121   -0.0169465    0.0541242 
  AT0696    .      0   -0.0411145  0.000486027    0.0107285   -0.0145059 
  AT0697    .      0   0.00151865   -0.0488775 -0.000144063   -0.0495936 
  AT0699    .      0   -0.0432069   0.00806199    0.0132954    0.0436307 
  AT0705    .      0    0.0272507   -0.0251505    0.0242852   -0.0192766 
  AT0706    .      0   -0.0412694   0.00975476    0.0449238   -0.0134779 
  AT0707    .      0  -0.00383613    0.0160082  -0.00644375  -0.00367409 
  AT0709    .      0   -0.0673861   -0.0231148   -0.0291263     -0.01883 
  AT0710    .      0    0.0331086    0.0153844   0.00214832    0.0103702 
  AT0720    .      0   -0.0276875    0.0171676    0.0371581     0.010435 
  AT0721    .      0   -0.0307887    0.0385029    0.0129497   -0.0435111 
  AT0722    .      0  -0.00791805    0.0250333  -0.00100915    0.0139585 
  AT0723    .      0  -0.00615671   -0.0539141     0.013745   -0.0235087 
  AT0724    .      0    0.0454487   -0.0170122    0.0240728   -0.0541433 
  AT0726    .      0    -0.053622    0.0121159    0.0384462   -0.0218798 
  AT0734    .      0   -0.0152914   0.00624603    0.0172353   -0.0288649 
  AT0735    .      0   -0.0259976     0.046131    0.0357671  -0.00457424 
  AT0737    .      0   -0.0376353    0.0260512   0.00673699   0.00546119 
  AT0747    .      0    0.0291376    0.0741815    -0.100709   -0.0306075 
  AT0749    .      0    0.0481415    0.0737178    -0.114417  -0.00214609 
  AT0751    .      0    -0.014009    0.0434024    -0.038891   0.00482902 
  AT0758    .      0    0.0069119    0.0437277   -0.0316852    0.0268765 
  AT0766    .      0    0.0423682   -0.0153443   0.00105537  -0.00310069 
  AT0768    .      0    0.0261587    0.0542244   -0.0553745    0.0187685 
  AT0770    .      0    0.0624732   -0.0236899    0.0223641    0.0241744 
  AT0777    .      0    0.0210012    0.0658403   -0.0800133   -0.0230865 
  AT0782    .      0    0.0283189    0.0351712   -0.0380691    -0.032114 
  AT0790    .      0    0.0130552    0.0382306     -0.04065   0.00356778 
  AT0793    .      0    0.0155425    0.0508548   -0.0587173   0.00701296 
  AT0794    .      0    0.0166255    -0.026671    0.0171576  0.000964785 
  AT0796    .      0    0.0485544   -0.0209022   0.00660396    -0.037471 
  AT0801    .      0   -0.0499648    0.0350138    0.0216986   -0.0294563 
  AT0815    .      0    0.0342238    0.0458823   -0.0769859    0.0235291 
  AT0817    .      0    0.0416803   0.00422069    0.0489364   -0.0138418 
  AT0820    .      0   -0.0233341   0.00135613   -0.0136455   0.00700206 
  AT0822    .      0      0.03931    0.0526436   -0.0893439  -0.00296108 
  AT0839    .      0    0.0322295    0.0140719   0.00925549   -0.0129294 
  AT0851    .      0    0.0574198     0.040565   -0.0597245    0.0167191 
  AT0853    .      0   -0.0207005    0.0425937    0.0214851    0.0392397 
  AT0865    .      0    0.0656553    0.0359025   -0.0609936 -0.000810939 
  AT0868    .      0     0.038728    0.0568375    -0.074894    0.0572151 
  AT0869    .      0    0.0487416    0.0292272    -0.052104   -0.0298625 
  AT0872    .      0     0.054813    0.0687044    -0.119455  -0.00313133 
  AT0880    .      0    0.0246978    0.0137433   0.00822981  -0.00122513 
  AT0885    .      0    0.0480263    0.0540537    -0.042573   -0.0256039 
  AT0888    .      0    0.0586813    0.0465605   -0.0843876     0.029336 
  AT0892    .      0    0.0283932    0.0523063    -0.105731  -0.00362328 
  AT0897    .      0   -0.0265708    0.0115742    0.0147544   -0.0187708 
  AT0905    .      0   -0.0612135    0.0542253    0.0177581    0.0530707 
  AT0908    .      0   -0.0205497    0.0567828    0.0255967    0.0334003 
  AT0916    .      0   -0.0659321   -0.0603277   -0.0098441 -0.000683071 
  AT0922    .      0   -0.0252226   0.00332954   0.00366252   -0.0261186 
  AT0926    .      0    -0.040437    0.0390541    0.0254159   0.00100826 
  AT0932    .      0   -0.0493808    -0.125586   -0.0303543   -0.0200144 
  AT0933    .      0   -0.0443208    0.0406975   0.00799795    0.0532674 
  AT0938    .      0   -0.0151821    0.0267649    0.0127871    0.0174027 
  AT0940    .      0   -0.0385205    0.0441343    0.0332108    0.0209005 
  AT0946    .      0   -0.0583023    -0.124032   -0.0639297    0.0138427 
  AT0950    .      0    0.0306994    0.0571234    -0.087078    0.0348185 
  AT0952    .      0   -0.0323704    0.0260956  -0.00813305   -0.0170752 
  AT0955    .      0   -0.0481234    0.0346591    0.0227514   0.00776305 
  AT0966    .      0    0.0115329    0.0608941   -0.0714205    0.0168674 
  AT0968    .      0    0.0239897    0.0618142   -0.0756784   -0.0465212 
  AT0976    .      0   -0.0252582   -0.0464879  -0.00914238   -0.0115759 
  AT0984    .      0    0.0293511  -0.00946501    0.0261133     0.027847 
  AT0985    .      0    -0.030714    0.0153875    0.0274885    0.0327325 
  AT0991    .      0   -0.0121921    0.0493235    0.0528805   -0.0225233 
  AT0992    .      0   -0.0288782    0.0423082    0.0422301   0.00921397 
  AT0998    .      0   -0.0275778    0.0149437   -0.0197859   0.00393305 
  AT1000    .      0   -0.0456574    0.0263878    0.0261414    0.0139828 
  AT1002    .      0    -0.042518   -0.0596058   -0.0445405    -0.025705 
  AT1017    .      0   -0.0167628    0.0165483   -0.0146529   -0.0212589 
  AT1019    .      0   -0.0106454    0.0670969   0.00987716    -0.015385 
  AT1029    .      0   -0.0495575   0.00338263    0.0104815   -0.0188451 
  AT1034    .      0    0.0246923    0.0621031   -0.0757506    -0.047115 
  AT1038    .      0   -0.0406804    0.0463837    0.0216903     0.017474 
  AT1042    .      0    -0.042763     0.053607    0.0209364   -0.0209655 
  AT1044    .      0   -0.0315448   -0.0173561   -0.0215251    0.0135744 
  AT1050    .      0  -0.00848066   -0.0391002   -0.0104366  -0.00333829 
  AT1063    .      0    0.0353443    0.0352153   -0.0536626    0.0138404 
  AT1068    .      0    -0.038737    0.0112391    0.0220068   -0.0385501 
  AT1069    .      0   -0.0192197   0.00786404    0.0240793    -0.024845 
  AT1071    .      0   -0.0257732   -0.0568225   -0.0166241   -0.0247916 
  AT1080    .      0   0.00550689   -0.0569936   0.00495187   0.00693072 
  AT1083    .      0   -0.0567735   -0.0106084  -0.00865496    0.0147313 
  AT1090    .      0   -0.0535657    0.0144369   -0.0367156    0.0278675 
  AT1095    .      0   -0.0402904    0.0368661    0.0207697   -0.0219952 
  AT1099    .      0   -0.0374876  0.000631386   0.00822503   -0.0315699 
  AT1101    .      0   -0.0606438   -0.0505969   -0.0380144    0.0123035 
  AT1103    .      0   -0.0243696    0.0180936   0.00710019   -0.0250418 
  AT1108    .      0  -0.00827573    0.0183564  -0.00260613   -0.0225046 
  AT1109    .      0    0.0646108   0.00488624   0.00733458   -0.0513169 
  AT1116    .      0  -0.00839406   0.00222013   0.00932489 -0.000762036 
  AT1120    .      0   -0.0161865    0.0192739   0.00868814    0.0149069 
  AT1121    .      0  -0.00456459     0.035232   -0.0266922    0.0437538 
  AT1122    .      0    0.0701918    0.0435195   -0.0797641    -0.033505 
  AT1123    .      0    0.0415318    0.0363221   -0.0535776   0.00225545 
  AT1170    .      0    0.0614263   -0.0382074  -0.00938181    0.0339212 
  AT1171    .      0   0.00351379   -0.0432174  -0.00091456    -0.017176 
  AT1174    .      0    0.0245446   -0.0345932    0.0219504    0.0214593 
  AT1225    .      0   -0.0275511 -0.000697791   -0.0459223  -0.00335312 
  AT1226    .      0   -0.0275541    0.0210173    0.0314164   0.00290219 
  AT1227    .      0   -0.0359284   0.00788865    0.0334129    0.0431806 
  AT1228    .      0   -0.0379423   -0.0348777    0.0154065    0.0257003 
  AT1231    .      0   0.00573747    0.0063753   0.00559299   -0.0120656 
  AT1252    .      0   -0.0360977    0.0106673   -0.0199963   0.00226733 
  AT1272    .      0   -0.0368473   -0.0526786   -0.0374767  -0.00397704 
  AT1285    .      0   -0.0308558    0.0531569    0.0312332    -0.017587 
  AT1286    .      0   -0.0120843    0.0345463   0.00831318    0.0542331 
  AT1291    .      0   -0.0374857   -0.0429256    -0.014792   -0.0493261 
  AT1292    .      0    0.0265028   -0.0185731    0.0162739   -0.0321328 
  AT1296    .      0  -0.00276257    0.0503095    0.0217321    0.0032518 
  AT1298    .      0   -0.0623069    0.0222958    0.0053888    0.0139271 
  AT1299    .      0    -0.035284     0.007092    0.0412723   -0.0682598 
  AT1304    .      0    0.0191547    0.0556298   -0.0924526  -0.00885553 
  AT1305    .      0    0.0364951   -0.0489072   0.00166787   0.00445417 
  AT1309    .      0   -0.0190886   -0.0205411    0.0363032    0.0192094 
  AT1310    .      0   -0.0231562    0.0351269     0.022938   -0.0243421 
  AT1312    .      0    -0.035957    0.0373074     0.042686    0.0120373 
  AT1316    .      0  -0.00536258    0.0450193   -0.0353163   0.00962369 
  AT1325    .      0   -0.0294552    0.0273148    0.0141534   0.00893577 
  AT1333    .      0   -0.0562486   -0.0493131  -0.00962108  -0.00661569 
  AT1337    .      0   -0.0628532  -0.00684367  -0.00103401    0.0109905 
  AT1340    .      0   -0.0181183    0.0349736  -0.00224825   -0.0161009 
  AT1348    .      0   -0.0646091    -0.027763    0.0107406    0.0224466 
  AT1350    .      0   -0.0287114   0.00767674    0.0204494    0.0192323 
  AT1354    .      0   -0.0394217    0.0137351    0.0113714   -0.0214364 
  AT1431    .      0    0.0415779   -0.0215937   0.00891888  -0.00027308 
  AT1467    .      0   -0.0615366   -0.0553149   -0.0240517    0.0333165 
  AT1477    .      0   -0.0434816    0.0597721    0.0100686   -0.0143683 
  AT1508    .      0   -0.0293202   -0.0266742   -0.0227951   -0.0230005 
   DM056    .      0   -0.0353106    -0.034398   -0.0212895   0.00677201 
   DM086    .      0    0.0477757   0.00978159   -0.0312627    -0.035804 
   DM097    .      0    0.0414442   -0.0317984    0.0386798   -0.0148736 
   DM102    .      0    -0.035445   0.00859377    0.0267164  -0.00942649 
   DM107    .      0   -0.0305342    0.0372953    0.0281868   0.00824435 
   DM120    .      0    0.0372409   -0.0282072  -0.00919203   -0.0100488 
   DM158    .      0    -0.074926    -0.030627   -0.0283514   -0.0118562 
   DM165    .      0   -0.0310713    0.0236118    0.0218793   -0.0207796 
   DM176    .      0   -0.0356715    0.0231456  -0.00822936    0.0302087 
   DM184    .      0   -0.0643947    -0.125568   -0.0469405    0.0419727 
   DM185    .      0    0.0165763   -0.0665539    -0.100312   -0.0128143 
   DM212    .      0   -0.0771755   -0.0273245   -0.0126345   -0.0221544 
   G5068    .      0   -0.0348976    0.0457464   0.00757443   -0.0294499 
   G5150    .      0    0.0653007  -0.00236785   0.00992145    0.0111416 
   G5339    .      0    0.0393765   -0.0064467    0.0303711    0.0159944 
   G5345    .      0   -0.0482863   -0.0235785  0.000657379    0.0343996 
   G5412    .      0   -0.0473195   -0.0589374   -0.0438703   -0.0231864 
   G5413    .      0     0.055356  -0.00689456   0.00825565   -0.0248547 
   G5415    .      0    0.0428105   -0.0313752    0.0347709  -0.00107487 
   G5428    .      0  -0.00683605    0.0132421   -0.0130998    0.0112391 
   G5429    .      0    0.0733158   0.00903697    0.0326704   -0.0122369 
   G5438    .      0    0.0529273   0.00592547    0.0652111    0.0322084 
   G5444    .      0    0.0468851   0.00503543  -0.00281942  -0.00817451 
   G5449    .      0   -0.0369789    0.0265391     0.028947   0.00131723 
   G5460    .      0   -0.0294139     0.033431   0.00843605    -0.038472 
   G5469    .      0   -0.0366831    0.0535391    0.0358945   -0.0211495 
   G5485    .      0    0.0420822   -0.0225212    0.0301955   -0.0272533 
   G5553    .      0     0.061473   -0.0128754    0.0332075    0.0166686 
   G5566    .      0   -0.0124991    -0.070877   -0.0249574   -0.0152662 
   G5569    .      0     0.024441   -0.0452432  -0.00267913   -0.0234474 
   G5573    .      0    0.0124257  -0.00376121     0.024406   -0.0184239 
   G5576    .      0    0.0510687    0.0135085   -0.0169393    0.0146908 
   G5579    .      0     0.039754  -0.00489831   0.00483566   0.00786305 
   G5589    .      0    -0.036091   0.00385264   0.00639542   0.00359772 
   G5598    .      0    0.0235447   -0.0611888    0.0156831   0.00459976 
   G5605    .      0    -0.016297    -0.026326    0.0245838   -0.0202583 
   G5607    .      0    0.0567413  -0.00874133    0.0151262   -0.0115164 
   G5630    .      0   -0.0666678    -0.117104   -0.0747543    0.0101786 
   G5635    .      0   -0.0263965     0.049035    0.0102148   -0.0296709 
   G5644    .      0  -0.00422788    0.0366512    0.0070829     0.012254 
   G5650    .      0    0.0106257    -0.039206   0.00912348   -0.0224246 
   G5663    .      0     0.069776  -0.00951934    0.0153722   -0.0146434 
   G5664    .      0    0.0487856   -0.0184002    0.0235173    -0.011525 
   G5665    .      0   -0.0535935    0.0294194    0.0258086    0.0549619 
   G5666    .      0    0.0412232   -0.0162075   0.00856798    -0.016898 
   G5680    .      0     0.047755   -0.0183792    0.0255493   0.00152842 
   G5693    .      0   -0.0165783    0.0350803    0.0095486   -0.0232985 
   G5695    .      0    0.0357956   -0.0105727   -0.0101966  -0.00121901 
   G5703    .      0    0.0370947    0.0246784    0.0133062   -0.0063124 
   G5707    .      0    0.0207993     0.013807    0.0108654   0.00153162 
   G5712    .      0   -0.0226775    0.0219809  -0.00287191  -0.00677045 
   G5714    .      0   -0.0525457   -0.0396223 -0.000451555  -0.00395153 
   G5727    .      0   -0.0317222    0.0328573    0.0369797     0.013736 
   G5755    .      0   -0.0176966    0.0314021    0.0275969  -0.00206119 
   G5759    .      0    0.0484761  -0.00643968    0.0199692    0.0329427 
   G5760    .      0    0.0298608   -0.0115295   0.00541656   -0.0585131 
   G5763    .      0   -0.0335967     0.018612    0.0232511    0.0209304 
   G5770    .      0    0.0154623   -0.0116658  -0.00964636   -0.0380863 
   G5774    .      0   -0.0256487     0.025547    0.0096935 -0.000472696 
   G5777    .      0     0.032976    -0.054354   -0.0243955    0.0433796 
   G5778    .      0    0.0381445   -0.0299126      0.04064   0.00369858 
   G5790    .      0    0.0370046   -0.0292972   0.00886926     0.016325 
   G5802    .      0   -0.0596779    0.0230527   -0.0327475   -0.0236333 
   G5804    .      0    0.0765049   -0.0251348    0.0025605   0.00159959 
   G5812    .      0  -0.00876995  -0.00505486    0.0438256     0.027699 
   G5829    .      0   -0.0223543   0.00373615    0.0308328  -0.00621851 
   G5830    .      0   -0.0649728   0.00890771    0.0226375   0.00208397 
   G5834    .      0    0.0810681    -0.021183   0.00277933    0.0355523 
   G5843    .      0    0.0412764   -0.0232894    0.0162928    0.0330104 
   G5852    .      0     0.053826    0.0153667   0.00205645    0.0130325 
   G5853    .      0    0.0391732   -0.0203569    0.0211362   -0.0246623 
   G5869    .      0     0.034856  -0.00934891  -0.00276141 -0.000912418 
   G5870    .      0  -0.00185522    0.0460162    0.0100952   -0.0168334 
   G5876    .      0   -0.0326692    0.0232828    0.0113485   -0.0117315 
   G5877    .      0    0.0351295   0.00391376    0.0261558   -0.0403914 
   G5889    .      0    0.0154421   -0.0316579    -0.020048    0.0540645 
   G5890    .      0    0.0510221    -0.032913    0.0307219    -0.001904 
   G5900    .      0    0.0605832  -0.00122982    0.0328728   -0.0100437 
   G5901    .      0    0.0478133   -0.0160847    0.0180536    0.0151934 
   G5905    .      0    0.0504575  -0.00373716    0.0296013    -0.012558 
   G5906    .      0    0.0507156   -0.0100178   0.00862659      0.03037 
   G5913    .      0  -0.00633903     0.034986   0.00592331   -0.0159335 
   G5914    .      0    0.0394324   -0.0144245     0.031443    0.0397637 
   G5923    .      0    0.0362542   -0.0114889   -0.0179856    0.0147467 
   G5925    .      0    0.0274896  -0.00583566    -0.018331   0.00976215 
   G5936    .      0    0.0494139   -0.0544698   -0.0223494    0.0156116 
   G5939    .      0   -0.0420142  -0.00492881    0.0102635   0.00527627 
   G5940    .      0    -0.046184    0.0662172     0.013748   -0.0146164 
   G5942    .      0     0.040274   0.00283685    0.0197932   -0.0194326 
   G5943    .      0    0.0332822  -0.00368363    0.0248814    0.0344919 
   G5951    .      0  -0.00425143   0.00678753     0.020458  -0.00742154 
   G5977    .      0    0.0523424    -0.010006    0.0379865   -0.0221799 
   G5979    .      0   -0.0680998   -0.0827817  -0.00217843   0.00638782 
   G5981    .      0   -0.0307769   -0.0154114    0.0100457   0.00882698 
   G5989    .      0     0.010566   0.00850315   0.00211373    0.0305544 
   G5999    .      0   -0.0516377    0.0184031   0.00409567   -0.0045804 
   G6000    .      0    0.0257575    -0.014794  -0.00860295    -0.002162 
   G6006    .      0    0.0709508   -0.0222198 -0.000698469   0.00455069 
   G6008    .      0    0.0495681   0.00635016    0.0221417  -0.00128057 
   G6013    .      0   -0.0473626   0.00187889    0.0213651    0.0127763 
   G6016    .      0    0.0439966   -0.0354292     0.013469   0.00195689 
   G6026    .      0   -0.0658943    -0.146096   -0.0618501   -0.0175162 
   G6043    .      0    0.0407035  -0.00840194   0.00735171   -0.0046556 
   G6048    .      0    0.0652119   -0.0290635    0.0308304  -0.00623012 
   G6056    .      0   -0.0365755  -0.00617979   -0.0331301   -0.0197781 
   G6092    .      0    0.0126624   -0.0324695   0.00830704   0.00808221 
   G6094    .      0    0.0536405    -0.012039    0.0198982  -0.00533967 
   G6096    .      0  -0.00367591   0.00477754    0.0131318  -0.00363779 
   G6111    .      0    0.0370876  -0.00890271   0.00894392    0.0843539 
   G6117    .      0   -0.0521824    0.0421206    0.0186397   0.00196667 
   G6150    .      0    0.0254759   0.00779126  -0.00886263    0.0129221 
   G6153    .      0    0.0130428  -0.00797657    0.0161233  -0.00525431 
   G6157    .      0    0.0133598   -0.0174798   -0.0105251    0.0229783 
   G6165    .      0   -0.0122573    0.0152968   0.00337423    0.0196842 
   G6169    .      0     0.042424   0.00429405   0.00273089    -0.019689 
   G6171    .      0  -0.00085454   -0.0454407   0.00620458   -0.0209083 
   G6174    .      0    -0.027621   -0.0876782    -0.046459   -0.0191713 
   G6177    .      0    0.0530449  -0.00599179    0.0089249    0.0198341 
   G6181    .      0   -0.0553125  -0.00935431    0.0128484    0.0212375 
   G6185    .      0    0.0180429  -0.00860231  -0.00538243   0.00552822 
   G6187    .      0    0.0461932   -0.0211383    0.0242488    0.0286448 
   G6189    .      0    0.0328934   -0.0269315     0.012972    0.0213344 
   G6197    .      0   -0.0600944    -0.093272  -0.00354163    -0.011365 
   G6204    .      0    0.0384846   -0.0371369    0.0168332   -0.0332626 
   G6207    .      0    0.0620816   0.00701118    0.0186667   -0.0145188 
   G6221    .      0    0.0269855  -0.00847832   -0.0103232     0.041189 
   G6222    .      0    0.0549538   0.00531984    0.0059921    0.0276652 
   G6231    .      0   -0.0597958    -0.066103   -0.0426126    0.0175991 
   G6233    .      0    -0.054582    0.0171421    0.0113527   0.00637067 
   G6234    .      0   -0.0138023    0.0699075   -0.0106243   -0.0231963 
   G6236    .      0   -0.0264058  -0.00168324    0.0155133    0.0133218 
   G6239    .      0    0.0363743   -0.0639406    0.0266852 -0.000375825 
   G6240    .      0    0.0383733   -0.0174608    0.0348548   -0.0140741 
   G6259    .      0    0.0400256    0.0729489   -0.0772741   0.00922079 
   G6261    .      0    -0.010479    0.0610062   -0.0498191   0.00445444 
   G6291    .      0    0.0179651    0.0223173    -0.015203    0.0316521 
   G6295    .      0   -0.0790837   -0.0501228   -0.0093425    0.0311878 
   G6311    .      0     0.036372     0.054703   -0.0664584    0.0578123 
   G6314    .      0   -0.0363414    0.0248525  -0.00075363    0.0162148 
   G6315    .      0   -0.0410172    0.0226845   -0.0136746   -0.0196118 
   G6319    .      0    0.0235354   -0.0227434      0.02259    0.0109274 
  G6356C    .      0    0.0481605   -0.0393676   -0.0169523   -0.0596052 
   G6366    .      0    0.0315515   0.00550706   0.00992287    0.0153723 
   G6368    .      0     0.021753  -0.00929871    0.0124307   -0.0456853 
  G6378C    .      0   -0.0152973    -0.060529   -0.0204406   -0.0211742 
  G6387C    .      0   -0.0312155   0.00133254 -0.000229441   0.00416502 
  G6392C    .      0   -0.0191902   -0.0717071    -0.069575  -0.00650073 
   G6406    .      0   -0.0243352    0.0071389    0.0252315   0.00754954 
   G6409    .      0    0.0426669    0.0616848   -0.0811578   -0.0253556 
   G6430    .      0   -0.0244673    0.0323413    0.0265322    0.0185337 
  G6442C    .      0    0.0303116   -0.0465892   -0.0398573   -0.0208307 
   G6474    .      0   -0.0209042   0.00930794  -0.00900364  -0.00365307 
   G6477    .      0    0.0559133    0.0537581   -0.0713323  -0.00864367 
   G6479    .      0  -0.00486971    0.0401672    0.0258307   -0.0332918 
   G6481    .      0    0.0611003  -0.00130559   0.00650893     -0.02811 
   G6486    .      0   -0.0400977    0.0327705   0.00149547  -0.00686487 
   G6492    .      0    0.0362897   -0.0209008   -0.0130983    -0.006358 
   G6494    .      0    0.0504667   -0.0251815   0.00123164    0.0544427 
   G6508    .      0   -0.0261368  -0.00828027   0.00993849   -0.0263897 
   G6510    .      0    -0.030113    0.0220576   0.00627181   0.00774833 
   G6513    .      0     0.055415   -0.0276963    0.0393581   -0.0197894 
   G6526    .      0     0.029663   -0.0169343  -0.00721536   -0.0027153 
   G6535    .      0   -0.0463436   -0.0345002   -0.0090103    0.0349497 
   G6548    .      0   -0.0374971    0.0257068  -0.00724156   -0.0140879 
   G6568    .      0   -0.0499273    0.0112782  -0.00425431  -0.00426331 
   G6577    .      0    0.0492717  -0.00810267    0.0516759   0.00799053 
   G6582    .      0   -0.0134328    0.0338846     0.015682   -0.0369384 
   G6583    .      0   -0.0326904    0.0407017   0.00429439   -0.0408026 
   G6623    .      0    0.0531361    0.0128754    0.0149844    0.0436319 
   G6631    .      0   -0.0470916   -0.0222805   -0.0350372   0.00387584 
   G6642    .      0    0.0306713   0.00152799    0.0340767    0.0641732 
   G6643    .      0   -0.0286357    0.0257415    0.0140772    0.0390232 
   G6648    .      0    -0.029983    0.0115999   0.00244447   -0.0364832 
   G6665    .      0   -0.0432047    0.0187036    0.0352651   0.00664624 
   G6666    .      0    0.0445004    0.0213421  0.000988707    0.0185323 
   G6673    .      0    0.0627219   -0.0286635    0.0361471    0.0258175 
   G6685    .      0   -0.0367143    0.0247293    0.0135697   -0.0238474 
   G6687    .      0   -0.0627051   -0.0539038   -0.0447441  0.000513482 
   G6689    .      0    0.0590187   -0.0170178   0.00248286   -0.0117965 
   G6691    .      0    0.0463786    -0.015985   0.00989359   0.00956635 
   G6692    .      0    -0.045072    0.0356642   -0.0116461  -0.00924844 
   G6696    .      0   -0.0101082    0.0277151   0.00719436    0.0602576 
   G6697    .      0   -0.0415136    0.0451405    0.0119563   -0.0185148 
   G6732    .      0   -0.0582857  -0.00622691    -0.010464   -0.0400769 
   G6746    .      0    0.0263529  0.000887373    0.0107781    0.0252491 
